(-34.7, -72.0),0.08
(-22.8, -66.9),0.23
(-38.1, -74.1),0.08
(-24.2, -67.5),0.77
(-23.8, -68.7),0.08
(-27.5, -69.3),0.08
(-33.2, -70.3),0.08
(-35.6, -72.2),0.08
(-30.7, -71.3),0.23
(-29.4, -71.3),0.08
(-23.9, -67.3),0.38
(-34.9, -71.8),0.08
(-31.6, -69.2),0.08
(-31.6, -71.8),0.38
(-33.3, -69.8),0.08
(-21.1, -68.9),0.69
(-35.4, -71.1),0.08
(-33.1, -72.2),0.08
(-21.2, -70.4),0.15
(-21.9, -68.7),0.54
(-21.1, -68.5),0.23
(-31.8, -71.9),0.15
(-31.7, -71.4),0.08
(-35.2, -74.0),0.08
(-31.7, -72.1),0.15
(-21.1, -70.3),0.08
(-37.4, -73.9),0.15
(-17.0, -69.8),0.08
(-24.2, -67.3),0.46
(-19.7, -71.6),0.08
(-19.1, -69.8),0.08
(-28.2, -71.1),0.08
(-24.1, -69.5),0.08
(-36.9, -71.2),0.08
(-22.3, -68.7),0.08
(-21.5, -68.4),0.31
(-32.7, -71.7),0.08
(-20.9, -69.0),0.23
(-23.0, -66.7),0.15
(-17.1, -69.9),0.08
(-24.0, -67.1),0.31
(-21.2, -68.7),0.23
(-20.5, -68.8),0.08
(-21.8, -69.1),0.08
(-31.8, -72.1),0.23
(-24.2, -67.4),0.54
(-20.8, -69.2),0.15
(-19.5, -69.4),0.08
(-24.0, -67.4),0.62
(-27.9, -71.0),0.08
(-25.2, -70.7),0.08
(-32.3, -71.8),0.23
(-24.1, -67.2),0.77
(-43.2, -74.3),0.08
(-20.6, -68.9),0.15
(-30.0, -71.1),0.15
(-24.1, -67.5),0.92
(-29.4, -70.4),0.08
(-20.8, -69.1),0.46
(-31.1, -70.9),0.08
(-23.5, -66.8),0.08
(-38.0, -74.1),0.15
(-20.4, -69.8),0.15
(-38.2, -74.5),0.08
(-37.9, -73.8),0.08
(-22.0, -68.8),0.31
(-30.9, -71.5),0.15
(-26.4, -70.5),0.08
(-20.5, -69.0),0.31
(-26.8, -68.7),0.08
(-24.2, -68.9),0.08
(-35.2, -71.2),0.08
(-28.1, -69.2),0.08
(-29.9, -71.6),0.15
(-20.3, -69.1),0.23
(-35.5, -73.1),0.08
(-34.0, -70.5),0.08
(-32.7, -71.8),0.15
(-21.2, -68.6),0.31
(-34.4, -73.7),0.08
(-24.1, -67.3),0.46
(-22.4, -69.0),0.15
(-18.7, -69.4),0.08
(-30.0, -71.6),0.08
(-31.7, -69.8),0.15
(-23.0, -68.9),0.08
(-18.2, -69.5),0.08
(-21.6, -68.6),0.15
(-32.2, -71.2),0.15
(-18.3, -69.7),0.08
(-23.3, -69.1),0.08
(-30.0, -71.7),0.15
(-17.3, -69.9),0.08
(-23.1, -67.0),0.08
(-21.8, -68.4),0.23
(-30.7, -71.4),0.46
(-24.2, -67.6),0.62
(-32.1, -71.1),0.08
(-25.2, -69.5),0.08
(-24.4, -69.1),0.23
(-39.1, -74.9),0.08
(-28.8, -71.5),0.08
(-21.5, -68.8),0.15
(-31.5, -71.7),0.23
(-29.7, -71.1),0.08
(-30.1, -71.5),0.15
(-28.5, -70.3),0.08
(-20.9, -69.1),0.54
(-15.8, -74.7),0.08
(-21.1, -70.0),0.08
(-26.7, -70.9),0.08
(-21.1, -67.7),0.15
(-16.1, -71.6),0.08
(-19.0, -70.7),0.08
(-24.3, -68.0),0.08
(-21.7, -68.6),0.23
(-42.9, -74.1),0.08
(-27.1, -71.2),0.08
(-31.8, -70.2),0.23
(-30.7, -71.6),0.62
(-20.2, -70.1),0.08
(-31.9, -71.7),0.08
(-21.7, -68.5),0.31
(-31.2, -71.5),0.08
(-24.0, -67.5),0.15
(-23.9, -69.4),0.08
(-27.3, -70.0),0.08
(-31.2, -71.8),0.08
(-22.9, -67.2),0.15
(-22.4, -68.0),0.08
(-24.3, -67.4),0.31
(-19.6, -70.4),0.08
(-21.1, -69.0),0.31
(-19.5, -71.5),0.08
(-19.9, -69.2),0.54
(-27.6, -70.3),0.08
(-20.3, -68.2),0.08
(-31.1, -71.4),0.08
(-33.1, -68.2),0.08
(-30.4, -70.9),0.08
(-28.8, -72.5),0.08
(-20.2, -69.0),0.23
(-21.5, -68.0),0.08
(-31.3, -71.0),0.08
(-20.5, -70.7),0.08
(-32.8, -70.2),0.08
(-22.7, -67.9),0.08
(-31.3, -71.8),0.08
(-53.7, -72.6),0.08
(-23.8, -67.3),0.23
(-15.9, -74.7),0.08
(-25.8, -69.1),0.08
(-36.3, -71.5),0.08
(-23.3, -69.4),0.08
(-23.1, -69.3),0.08
(-23.5, -67.9),0.08
(-24.0, -67.6),0.23
(-21.2, -68.5),0.38
(-24.3, -69.5),0.08
(-33.1, -72.1),0.62
(-22.4, -68.6),0.15
(-34.7, -72.6),0.08
(-20.7, -70.8),0.08
(-30.9, -71.7),0.15
(-35.6, -71.4),0.08
(-29.0, -71.7),0.15
(-28.8, -70.9),0.08
(-35.5, -70.6),0.08
(-38.2, -73.9),0.08
(-31.4, -71.9),0.08
(-36.0, -73.5),0.08
(-36.0, -73.6),0.08
(-36.1, -73.3),0.08
(-36.0, -73.3),0.08
(-27.7, -69.5),0.08
(-22.5, -68.9),0.08
(-22.0, -70.5),0.08
(-39.0, -72.3),0.08
(-21.1, -69.3),0.08
(-24.1, -67.4),0.54
(-17.9, -69.7),0.08
(-18.9, -69.6),0.08
(-18.4, -69.5),0.08
(-22.1, -68.4),0.08
(-20.4, -69.4),0.08
(-20.4, -69.2),0.08
(-29.6, -71.5),0.15
(-33.4, -70.3),0.08
(-37.3, -71.2),0.08
(-17.8, -69.6),0.08
(-36.7, -73.4),0.08
(-20.1, -69.1),0.15
(-22.5, -69.1),0.15
(-29.0, -71.5),0.15
(-30.6, -71.2),0.15
(-34.7, -71.1),0.08
(-38.7, -73.5),0.08
(-22.6, -70.3),0.08
(-19.8, -69.2),0.15
(-20.8, -69.0),0.15
(-22.0, -68.7),0.15
(-17.1, -71.9),0.08
(-42.0, -74.2),0.08
(-31.9, -70.2),0.08
(-23.6, -69.2),0.08
(-21.4, -68.4),0.23
(-24.1, -67.6),0.46
(-30.9, -71.3),0.08
(-17.8, -69.5),0.08
(-23.8, -67.0),0.08
(-21.6, -68.5),0.23
(-30.8, -69.4),0.08
(-19.9, -69.1),0.08
(-22.2, -68.8),0.08
(-27.9, -69.0),0.08
(-25.0, -69.1),0.08
(-21.3, -67.4),0.08
(-18.3, -69.2),0.08
(-21.1, -68.8),0.23
(-20.7, -68.9),0.31
(-18.3, -69.1),0.23
(-31.3, -71.7),0.08
(-20.5, -69.4),0.08
(-38.2, -72.4),0.08
(-20.2, -69.1),0.15
(-21.0, -70.4),0.08
(-18.2, -69.7),0.08
(-21.1, -68.7),0.23
(-36.2, -73.7),0.08
(-23.5, -68.3),0.08
(-32.8, -70.5),0.08
(-37.6, -74.0),0.08
(-37.6, -73.9),0.08
(-29.7, -72.5),0.08
(-37.5, -74.3),0.08
(-31.0, -71.3),0.31
(-37.3, -74.5),0.08
(-23.8, -67.4),0.08
(-23.5, -67.3),0.08
(-24.0, -67.2),0.46
(-21.0, -68.6),0.15
(-42.2, -74.0),0.08
(-24.0, -69.4),0.08
(-21.7, -71.9),0.08
(-23.0, -67.0),0.08
(-29.2, -71.1),0.08
(-23.0, -66.9),0.23
(-31.3, -69.3),0.15
(-28.8, -70.1),0.08
(-20.3, -70.3),0.08
(-23.8, -69.3),0.08
(-23.6, -70.7),0.08
(-20.1, -69.2),0.23
(-28.2, -69.4),0.08
(-28.6, -71.4),0.08
(-37.9, -74.2),0.08
(-22.7, -68.8),0.08
(-32.7, -70.5),0.08
(-16.0, -74.2),0.08
(-18.1, -69.4),0.08
(-19.3, -70.3),0.08
(-21.0, -68.5),0.08
(-23.1, -68.2),0.15
(-32.2, -71.8),0.08
(-21.9, -68.5),0.62
(-19.6, -69.5),0.08
(-31.5, -71.5),0.15
(-35.8, -73.9),0.08
(-30.5, -71.9),0.08
(-20.9, -68.9),0.23
(-28.0, -71.3),0.08
(-32.3, -70.5),0.08
(-34.0, -70.6),0.08
(-17.7, -69.8),0.08
(-32.4, -71.0),0.08
(-21.6, -68.4),0.62
(-29.8, -71.3),0.08
(-23.1, -66.8),0.08
(-21.5, -68.6),0.08
(-31.6, -70.3),0.15
(-23.2, -67.1),0.15
(-23.1, -67.2),0.15
(-24.0, -67.3),0.62
(-28.1, -69.1),0.08
(-21.2, -68.0),0.15
(-30.4, -71.6),0.38
(-37.5, -74.1),0.15
(-21.3, -68.7),0.23
(-20.9, -70.4),0.08
(-30.3, -72.4),0.08
(-21.8, -68.7),0.23
(-21.1, -68.6),0.69
(-33.0, -70.4),0.08
(-20.4, -68.9),0.15
(-31.9, -69.9),0.15
(-21.7, -68.3),0.15
(-34.8, -69.6),0.08
(-33.7, -72.0),0.08
(-20.8, -67.5),0.08
(-31.5, -71.6),0.08
(-33.9, -70.8),0.08
(-23.8, -67.5),0.08
(-18.7, -70.8),0.15
(-17.3, -70.9),0.08
(-27.5, -71.0),0.08
(-35.7, -73.0),0.08
(-30.7, -71.7),0.62
(-34.6, -70.5),0.08
(-27.0, -71.3),0.08
(-34.7, -73.9),0.08
(-23.3, -69.2),0.08
(-23.2, -67.3),0.08
(-19.3, -69.3),0.08
(-17.8, -69.7),0.08
(-21.5, -68.5),0.08
(-30.6, -71.3),0.15
(-36.1, -73.6),0.08
(-32.5, -70.3),0.08
(-37.6, -73.8),0.15
(-31.5, -70.2),0.08
(-29.4, -71.7),0.08
(-23.3, -68.5),0.08
(-35.1, -73.9),0.08
(-25.7, -70.5),0.08
(-34.8, -71.7),0.15
(-21.3, -70.1),0.08
(-20.4, -69.1),0.15
(-18.4, -69.3),0.08
(-29.2, -72.5),0.15
(-30.3, -69.3),0.08
(-21.0, -67.6),0.08
(-29.2, -72.6),0.08
(-29.1, -73.0),0.08
(-22.2, -68.7),0.31
(-21.4, -68.7),0.31
(-23.0, -68.0),0.08
(-22.1, -68.7),0.23
(-37.5, -74.2),0.23
(-37.5, -74.5),0.08
(-52.7, -73.9),0.08
(-17.9, -70.4),0.08
(-36.0, -73.4),0.08
(-34.0, -73.2),0.08
(-17.7, -69.6),0.15
(-23.1, -68.9),0.15
(-35.7, -74.0),0.08
(-20.2, -71.2),0.08
(-31.5, -69.6),0.08
(-26.7, -71.0),0.08
(-27.1, -70.1),0.08
(-23.8, -67.2),0.08
(-22.0, -68.6),0.23
(-24.2, -67.7),0.08
(-20.9, -67.6),0.08
(-37.4, -74.0),0.08
(-37.4, -74.5),0.08
(-31.8, -69.8),0.08
(-20.0, -68.5),0.08
(-20.5, -69.1),0.08
(-17.8, -69.0),0.08
(-32.5, -72.0),0.08
(-31.4, -68.9),0.08
(-23.9, -67.2),0.46
(-25.7, -70.9),0.08
(-31.7, -70.4),0.08
(-32.9, -70.2),0.08
(-22.4, -68.7),0.15
(-24.8, -70.2),0.08
(-22.9, -68.0),0.08
(-30.3, -71.2),0.08
(-22.3, -68.1),0.08
(-32.0, -71.6),0.15
(-26.1, -70.3),0.08
(-28.7, -71.4),0.08
(-22.9, -68.8),0.08
(-31.2, -71.9),0.08
(-28.2, -67.9),0.08
(-38.5, -73.3),0.08
(-32.2, -71.5),0.15
(-32.8, -71.8),0.08
(-34.0, -71.9),0.08
(-22.1, -67.4),0.08
(-25.6, -70.5),0.08
(-20.1, -68.9),0.08
(-35.0, -71.2),0.08
(-20.9, -69.7),0.08
(-31.9, -71.5),0.08
(-28.3, -70.8),0.08
(-42.2, -74.1),0.08
(-20.7, -69.1),0.31
(-30.9, -69.4),0.08
(-30.4, -72.0),0.15
(-22.8, -66.8),0.08
(-24.1, -67.7),0.08
(-37.5, -74.0),0.08
(-37.5, -73.9),0.08
(-27.8, -71.7),0.08
(-29.0, -71.4),0.15
(-27.1, -70.8),0.08
(-34.9, -71.7),0.08
(-31.6, -70.2),0.08
(-20.0, -69.1),0.08
(-21.8, -68.5),0.31
(-27.4, -71.3),0.08
(-20.3, -68.1),0.08
(-23.6, -69.1),0.08
(-32.9, -70.8),0.08
(-34.5, -70.8),0.08
(-21.7, -67.5),0.08
(-29.4, -69.6),0.08
(-22.3, -67.6),0.08
(-27.3, -69.6),0.08
(-31.3, -70.7),0.08
(-22.4, -67.8),0.08
(-22.4, -69.6),0.08
(-19.1, -68.3),0.08
(-24.0, -67.8),0.08
(-30.3, -71.3),0.15
(-46.6, -73.2),0.08
(-29.4, -71.9),0.08
(-31.1, -69.2),0.08
(-22.5, -70.2),0.15
(-22.8, -67.6),0.08
(-30.0, -69.0),0.08
(-30.6, -71.4),0.08
(-24.1, -69.3),0.08
(-22.3, -68.6),0.23
(-30.3, -71.5),0.15
(-23.9, -67.4),0.23
(-28.4, -71.2),0.08
(-23.7, -69.2),0.08
(-25.0, -70.2),0.08
(-23.9, -67.0),0.08
(-29.3, -72.5),0.08
(-31.5, -71.8),0.15
(-29.4, -72.4),0.08
(-31.6, -71.9),0.31
(-37.2, -74.1),0.08
(-32.8, -71.2),0.08
(-25.3, -70.5),0.15
(-20.0, -70.5),0.08
(-29.4, -72.6),0.08
(-23.8, -67.1),0.23
(-28.2, -70.0),0.08
(-21.3, -68.5),0.08
(-23.9, -67.1),0.38
(-28.0, -69.6),0.08
(-28.6, -69.5),0.08
(-23.3, -67.3),0.08
(-22.7, -68.7),0.15
(-32.1, -71.8),0.08
(-25.6, -70.7),0.08
(-22.7, -69.1),0.08
(-30.8, -71.3),0.15
(-19.0, -69.4),0.08
(-22.3, -67.9),0.08
(-20.2, -69.2),0.15
(-37.1, -75.5),0.08
(-30.2, -72.2),0.08
(-34.5, -72.1),0.08
(-23.9, -68.2),0.08
(-22.4, -68.5),0.15
(-23.0, -69.2),0.08
(-21.3, -68.4),0.08
(-31.8, -70.4),0.08
(-34.1, -72.2),0.08
(-24.9, -69.9),0.08
(-34.5, -72.2),0.08
(-31.4, -71.1),0.08
(-33.1, -72.0),0.15
(-32.9, -72.2),0.08
(-21.6, -68.8),0.08
(-31.8, -70.1),0.08
(-29.8, -71.6),0.08
(-22.1, -68.6),0.15
(-24.6, -69.5),0.08
(-31.2, -71.7),0.08
(-29.5, -71.2),0.08
(-30.3, -72.2),0.08
(-31.7, -71.9),0.31
(-23.4, -69.2),0.15
(-21.4, -68.5),0.08
(-24.3, -67.7),0.08
(-21.3, -69.7),0.08
(-20.2, -68.6),0.08
(-37.7, -73.0),0.08
(-31.2, -69.0),0.08
(-29.2, -72.4),0.15
(-29.3, -72.4),0.08
(-30.6, -70.2),0.08
(-31.6, -71.5),0.15
(-28.4, -67.5),0.08
(-21.2, -69.8),0.08
(-24.2, -67.8),0.08
(-28.1, -70.7),0.08
(-32.9, -71.9),0.08
(-22.2, -67.7),0.15
(-26.3, -69.1),0.08
(-22.9, -67.1),0.08
(-38.0, -75.1),0.08
(-19.4, -69.2),0.08
(-22.2, -67.5),0.08
(-28.7, -71.2),0.08
(-23.5, -70.2),0.08
(-32.1, -71.7),0.23
(-33.2, -70.7),0.08
(-20.2, -69.3),0.08
(-21.2, -68.3),0.08
(-23.6, -71.0),0.08
(-23.6, -70.9),0.08
(-29.2, -69.8),0.08
(-29.2, -69.7),0.23
(-22.0, -68.3),0.08
(-23.1, -66.6),0.08
(-32.5, -71.4),0.08
(-37.4, -74.1),0.08
(-44.3, -76.1),0.08
(-34.4, -70.5),0.08
(-30.4, -72.1),0.15
(-41.3, -73.3),0.08
(-19.5, -69.1),0.08
(-21.2, -68.4),0.08
(-23.7, -67.1),0.15
(-22.3, -66.5),0.08
(-37.9, -75.1),0.08
(-33.1, -70.8),0.08
(-21.1, -68.4),0.08
(-21.5, -69.7),0.08
(-22.5, -67.8),0.08
(-20.4, -68.7),0.15
(-30.9, -71.2),0.08
(-31.0, -71.4),0.08
(-36.0, -73.7),0.08
(-19.6, -69.3),0.15
(-31.2, -69.8),0.08
(-30.1, -71.6),0.08
(-20.8, -68.9),0.08
(-34.0, -72.2),0.08
(-36.4, -70.8),0.08
(-21.0, -69.0),0.23
(-23.0, -67.1),0.08
(-18.5, -71.4),0.08
(-18.4, -71.4),0.08
(-23.2, -69.0),0.08
(-23.1, -68.6),0.08
(-35.3, -71.5),0.08
(-17.5, -69.7),0.08
(-22.9, -69.8),0.08
(-20.6, -69.5),0.08
(-24.1, -67.9),0.08
(-33.0, -70.3),0.08
(-29.5, -71.5),0.08
(-23.2, -67.2),0.15
(-19.8, -69.3),0.08
(-22.9, -69.1),0.08
(-38.9, -73.6),0.08
(-32.1, -71.6),0.08
(-33.5, -70.1),0.08
(-23.1, -68.4),0.08
(-27.8, -71.0),0.08
(-31.8, -72.0),0.15
(-34.1, -70.5),0.15
(-20.7, -69.0),0.08
(-31.1, -73.2),0.08
(-25.1, -70.3),0.08
(-22.0, -67.5),0.08
(-22.4, -67.5),0.08
(-20.0, -70.1),0.08
(-32.2, -69.9),0.08
(-27.2, -70.2),0.08
(-22.5, -70.5),0.08
(-32.3, -70.6),0.08
(-39.1, -71.3),0.08
(-33.2, -72.1),0.08
(-37.2, -73.6),0.08
(-33.0, -72.2),0.08
(-18.7, -69.8),0.08
(-28.6, -71.3),0.08
(-30.6, -71.6),0.15
(-22.8, -69.1),0.08
(-31.6, -72.0),0.08
(-30.5, -71.4),0.08
(-43.4, -74.4),0.08
(-23.9, -67.6),0.08
(-19.1, -69.6),0.08
(-24.7, -69.2),0.08
(-21.3, -68.8),0.23
(-22.6, -69.0),0.08
(-19.6, -70.7),0.08
(-29.1, -70.1),0.08
(-38.3, -74.9),0.08
(-32.5, -69.9),0.08
(-17.3, -69.6),0.08
(-31.8, -69.4),0.08
(-22.9, -66.9),0.08
(-51.6, -74.5),0.08
(-24.0, -70.2),0.08
(-38.0, -71.3),0.08
(-18.7, -70.9),0.08
(-36.9, -70.8),0.08
(-20.6, -69.1),0.08
(-20.9, -68.6),0.08
(-35.6, -74.0),0.08
(-43.6, -74.8),0.08
(-33.3, -72.9),0.08
(-18.8, -69.1),0.08
(-29.8, -72.0),0.08
(-30.8, -70.2),0.08
(-21.3, -69.0),0.08
(-30.3, -70.4),0.08
(-20.1, -70.3),0.08
(-31.6, -69.6),0.08
(-21.0, -68.7),0.08
(-34.8, -71.8),0.15
(-21.6, -69.6),0.08
(-28.9, -71.3),0.08
(-18.6, -69.5),0.08
(-34.6, -71.9),0.08
(-30.5, -71.3),0.08
(-37.3, -74.2),0.08
(-21.7, -68.7),0.08
(-27.5, -69.9),0.08
(-18.6, -69.6),0.08
(-32.4, -69.8),0.08
(-21.8, -68.3),0.08
(-30.5, -71.6),0.08
(-23.3, -68.7),0.08
(-32.7, -71.6),0.08
(-22.3, -69.1),0.08
(-20.1, -69.3),0.08
(-28.5, -71.2),0.08
(-22.5, -68.0),0.08
(-34.3, -72.0),0.08
(-21.0, -68.8),0.08
(-35.0, -70.3),0.08
(-32.3, -70.7),0.15
(-31.8, -71.7),0.15
(-35.0, -71.1),0.08
(-30.7, -69.1),0.08
(-30.3, -69.5),0.08
(-28.3, -69.6),0.08
(-32.8, -71.4),0.08
(-21.4, -67.5),0.08
(-19.5, -70.1),0.08
(-33.4, -69.1),0.08
(-38.5, -75.1),0.08
(-21.5, -67.8),0.08
(-19.3, -70.2),0.15
(-34.5, -71.7),0.08
(-21.3, -69.8),0.08
(-31.9, -69.1),0.08
(-23.4, -67.7),0.08
(-31.3, -71.2),0.08
(-27.9, -71.1),0.08
(-18.4, -71.0),0.08
(-32.4, -71.8),0.08
(-23.0, -68.4),0.08
(-23.5, -68.4),0.08
(-28.6, -72.1),0.08
(-25.7, -69.1),0.08
(-31.3, -70.5),0.08
(-22.7, -66.7),0.08
(-34.6, -73.0),0.15
(-29.5, -71.7),0.08
(-29.9, -71.4),0.08
(-19.6, -69.4),0.08
(-37.6, -74.7),0.08
(-18.9, -69.4),0.08
(-23.7, -68.2),0.08
(-21.2, -67.4),0.08
(-22.5, -70.4),0.08
(-32.1, -70.3),0.08
(-42.7, -74.1),0.08
(-24.7, -69.5),0.08
(-33.8, -70.7),0.08
(-21.5, -70.0),0.08
(-17.8, -70.0),0.08
(-22.5, -70.6),0.08
(-32.8, -71.5),0.08
(-20.5, -68.9),0.15
(-25.8, -70.4),0.08
(-22.6, -68.0),0.08
(-31.5, -71.4),0.08
(-21.2, -68.8),0.08
(-35.3, -74.0),0.08
(-30.6, -72.0),0.08
(-23.0, -70.2),0.08
(-20.4, -68.6),0.08
(-37.7, -73.8),0.08
(-23.5, -66.9),0.08
(-23.4, -67.2),0.08
(-32.2, -71.4),0.08
(-21.7, -70.1),0.08
(-27.3, -70.3),0.08
(-20.6, -69.0),0.08
(-21.4, -69.8),0.23
(-19.4, -70.2),0.08
(-21.3, -67.8),0.08
(-25.8, -69.5),0.08
(-22.6, -68.9),0.15
(-25.7, -70.1),0.08
(-24.1, -67.8),0.08
(-34.7, -71.8),0.08
(-23.0, -67.9),0.08
(-19.5, -69.3),0.08
(-30.2, -72.3),0.08
(-31.7, -71.7),0.08
(-23.6, -69.0),0.08
(-20.3, -71.2),0.08
(-24.6, -69.3),0.15
(-20.7, -63.8),0.08
(-30.4, -71.4),0.08
(-22.8, -69.0),0.08
(-26.5, -71.2),0.23
(-23.4, -68.8),0.08
(-23.5, -69.0),0.08
(-26.9, -70.9),0.08
(-20.0, -68.9),0.08
(-33.1, -71.8),0.08
(-24.0, -68.0),0.08
(-31.7, -70.1),0.08
(-37.6, -73.6),0.08
(-37.6, -73.7),0.08
(-23.2, -69.2),0.08
(-31.6, -69.8),0.08
(-30.8, -71.8),0.08
(-30.8, -72.0),0.08
(-25.6, -70.9),0.08
(-31.3, -71.6),0.08
(-28.2, -70.7),0.08
(-23.4, -68.0),0.08
(-17.1, -69.7),0.08
(-20.3, -70.5),0.08
(-42.6, -73.9),0.08
(-30.6, -72.2),0.08
(-34.3, -70.4),0.08
(-34.5, -72.5),0.08
(-31.4, -71.8),0.08
(-43.0, -74.3),0.08
(-22.4, -68.8),0.15
(-15.3, -75.8),0.08
(-30.7, -69.7),0.08
(-33.6, -70.9),0.08
(-24.3, -68.8),0.08
(-34.7, -70.9),0.08
(-22.9, -68.2),0.08
(-28.9, -69.9),0.08
(-24.3, -68.1),0.08
(-28.8, -71.4),0.08
(-22.7, -67.5),0.08
(-22.3, -68.9),0.08
(-18.0, -69.8),0.08
(-21.9, -68.4),0.23
(-28.4, -70.7),0.08
(-22.5, -68.2),0.08
(-25.9, -69.3),0.08
(-26.6, -71.3),0.15
(-22.8, -69.6),0.08
(-21.9, -69.8),0.08
(-25.2, -70.2),0.08
(-31.0, -71.6),0.08
(-33.3, -70.5),0.08
(-31.4, -71.4),0.08
(-23.8, -66.9),0.08
(-40.8, -72.9),0.08
(-32.5, -70.8),0.08
(-26.5, -71.4),0.08
(-27.1, -72.2),0.08
(-19.1, -70.8),0.08
(-30.4, -71.3),0.08
(-30.6, -71.9),0.08
(-26.6, -71.2),0.15
(-33.3, -71.4),0.08
(-32.2, -71.9),0.15
(-24.0, -70.1),0.08
(-37.6, -74.3),0.08
(-33.6, -70.1),0.08
(-20.9, -70.3),0.08
(-36.0, -71.3),0.08
(-26.6, -71.1),0.15
(-33.2, -72.2),0.08
(-19.7, -69.4),0.08
(-25.3, -69.1),0.08
(-32.1, -69.6),0.08
(-20.0, -70.3),0.08
(-35.6, -72.9),0.08
(-22.8, -70.9),0.08
(-18.3, -69.4),0.08
(-20.6, -71.1),0.08
(-23.0, -69.0),0.08
(-30.5, -71.5),0.08
(-36.3, -73.7),0.08
(-33.0, -70.1),0.08
(-22.7, -70.5),0.08
(-28.4, -70.2),0.08
(-35.4, -71.3),0.08
(-31.8, -71.6),0.08
(-32.7, -70.8),0.08
(-31.1, -70.3),0.08
(-29.0, -70.2),0.08
(-30.6, -71.5),0.15
(-23.1, -67.1),0.08
(-47.9, -76.0),0.08
(-17.6, -69.7),0.08
(-29.9, -71.7),0.15
(-19.4, -67.7),0.08
(-33.0, -71.7),0.08
(-21.4, -69.7),0.08
(-21.4, -68.8),0.08
(-30.4, -72.2),0.15
(-41.8, -73.9),0.08
(-29.8, -71.7),0.08
(-17.5, -69.6),0.08
(-30.7, -71.8),0.08
(-33.7, -70.2),0.08
(-32.6, -71.6),0.08
(-28.6, -68.7),0.08
(-33.0, -71.3),0.08
(-34.3, -71.9),0.08
(-32.7, -71.1),0.08
(-27.7, -70.6),0.08
(-27.5, -69.8),0.08
(-20.2, -69.4),0.08
(-36.3, -73.0),0.08
(-18.1, -70.9),0.08
(-30.8, -71.6),0.08
(-31.5, -69.7),0.08
(-19.9, -69.3),0.08
(-22.8, -68.0),0.08
(-22.6, -67.7),0.08
(-27.2, -69.3),0.15
(-38.8, -73.6),0.08
(-20.0, -69.2),0.15
(-18.0, -69.7),0.08
(-34.9, -72.5),0.08
(-21.0, -67.8),0.08
(-41.7, -74.0),0.08
(-33.9, -70.3),0.08
(-28.4, -71.4),0.08
(-38.7, -75.1),0.08
(-19.3, -69.2),0.08
(-30.0, -72.0),0.08
(-27.9, -71.4),0.08
(-25.8, -69.2),0.08
(-22.6, -66.6),0.08
(-19.0, -68.1),0.08
(-26.9, -70.2),0.08
(-32.5, -71.6),0.08
(-21.9, -69.4),0.08
(-20.7, -68.7),0.08
(-31.9, -71.2),0.08
(-18.5, -69.1),0.08
(-22.2, -68.6),0.08
(-39.4, -73.2),0.08
(-33.0, -72.0),0.15
(-35.2, -71.0),0.15
(-31.2, -70.3),0.08
(-28.2, -71.3),0.08
(-24.4, -67.1),0.08
(-20.3, -69.4),0.08
(-33.0, -72.1),0.08
(-24.8, -69.1),0.08
(-25.5, -69.5),0.15
(-33.1, -71.0),0.08
(-23.4, -67.9),0.08
(-31.5, -70.7),0.08
(-30.8, -71.4),0.08
(-23.0, -68.2),0.08
(-36.3, -71.1),0.08
(-21.9, -68.3),0.08
(-21.9, -67.5),0.08
(-21.1, -67.5),0.08
(-24.4, -67.3),0.08
(-32.2, -70.5),0.08
(-33.3, -70.1),0.08
(-24.3, -69.6),0.08
(-22.6, -67.9),0.08
(-28.8, -69.7),0.08
(-22.8, -70.4),0.08
(-26.4, -68.0),0.08
(-27.8, -67.8),0.08
(-24.2, -69.6),0.08
(-32.6, -71.7),0.08
