0,4.70
5,3.77
10,3.62
15,3.39
20,3.23
25,3.23
30,3.31
35,2.85
40,2.00
45,2.85
50,2.08
55,2.54
60,2.93
65,2.00
70,2.69
75,1.39
80,1.54
85,2.54
90,2.23
95,1.46
100,1.92
105,1.39
110,1.31
115,1.08
120,1.15
125,1.08
130,1.54
135,0.77
140,1.15
145,1.08
150,1.23
155,1.46
160,0.85
165,0.77
170,1.08
175,0.77
180,0.77
185,1.31
190,1.08
195,1.15
200,1.00
205,0.77
210,0.85
215,0.69
220,0.38
225,0.77
230,0.92
235,0.54
240,0.62
245,0.38
250,0.85
255,0.54
260,0.46
265,0.54
270,0.54
275,0.46
280,0.54
285,0.31
290,0.38
295,0.15
300,0.15
305,0.54
310,0.15
315,0.31
320,0.38
325,0.08
330,0.31
335,0.31
340,0.08
345,0.31
350,0.23
355,0.46
360,0.38
365,0.15
370,0.08
375,0.08
380,0.46
385,0.08
390,0.31
395,0.38
400,0.08
405,0.46
410,0.15
415,0.15
420,0.15
425,0.15
430,0.23
435,0.08
440,0.15
445,0.31
450,0.15
455,0.08
460,0.15
470,0.08
475,0.23
485,0.08
490,0.08
495,0.08
500,0.08
505,0.08
510,0.08
515,0.08
520,0.08
525,0.08
530,0.08
540,0.08
545,0.08
550,0.15
560,0.15
565,0.08
585,0.08
605,0.15
615,0.08
635,0.08
640,0.08
645,0.08
655,0.08
670,0.15
680,0.08
690,0.08
700,0.08
705,0.08
710,0.08
720,0.08
730,0.08
740,0.08
880,0.08
900,0.08
910,0.08
920,0.08
1240,0.08
1245,0.08
